<!DOCTYPE html>
<html>
<head>
<meta charset="utf-8"/>
<style>body{background-color:white;}</style>
<script src="lib/htmlwidgets-1.5.2/htmlwidgets.js"></script>
<script src="lib/plotly-binding-4.9.2.1/plotly.js"></script>
<script src="lib/typedarray-0.1/typedarray.min.js"></script>
<script src="lib/jquery-1.11.3/jquery.min.js"></script>
<link href="lib/crosstalk-1.1.0.1/css/crosstalk.css" rel="stylesheet" />
<script src="lib/crosstalk-1.1.0.1/js/crosstalk.min.js"></script>
<link href="lib/plotly-htmlwidgets-css-1.52.2/plotly-htmlwidgets.css" rel="stylesheet" />
<script src="lib/plotly-main-1.52.2/plotly-latest.min.js"></script>

</head>
<body>
<!-- htmlwidget-container-begin -->
<div id="htmlwidget-c581e377e48a35630d61" style="width:500px;height:500px;" class="plotly html-widget"></div>
<!-- htmlwidget-container-end -->
<script type="application/json" data-for="htmlwidget-c581e377e48a35630d61">{"x":{"visdat":{"33537bf45ff6":["function () ","plotlyVisDat"]},"cur_data":"33537bf45ff6","attrs":{"33537bf45ff6":{"x":["perc_matricula_epf","perc_matricula_epm","tx_distorcao_idade_serie_epf","tx_distorcao_idade_serie_epm","ideb_ai_ef","ideb_ai_em","perc_docente_epf","perc_docente_epm","tx_mortalidade_infantil","tx_mortalidade_bruta","perc_pop_cobertura_plano_saude","perc_internacao_falha_aps","perc_internacao_falha_saneamento","vl_per_capita_bolsa_familia","vl_per_capita_beneficio_prestacao_continuada","perc_pop_cadunico_sem_abastecimento_agua","perc_pop_cadunico_sem_esgotamento_sanitario","perc_pop_cadunico_sem_coleta_lixo","perc_pop_cadunico_sem_saneamento","perc_pop_pobre_cadunico","perc_pop_cadunico_bolsa_familia","perc_pop_urbana_com_abastecimento_agua","perc_participacao_queimadas_brasil","total_casos_confirmados_covid","total_obitos_confirmados_covid","cobertura_ab","incidencia","letalidade"],"y":["perc_matricula_epf","perc_matricula_epm","tx_distorcao_idade_serie_epf","tx_distorcao_idade_serie_epm","ideb_ai_ef","ideb_ai_em","perc_docente_epf","perc_docente_epm","tx_mortalidade_infantil","tx_mortalidade_bruta","perc_pop_cobertura_plano_saude","perc_internacao_falha_aps","perc_internacao_falha_saneamento","vl_per_capita_bolsa_familia","vl_per_capita_beneficio_prestacao_continuada","perc_pop_cadunico_sem_abastecimento_agua","perc_pop_cadunico_sem_esgotamento_sanitario","perc_pop_cadunico_sem_coleta_lixo","perc_pop_cadunico_sem_saneamento","perc_pop_pobre_cadunico","perc_pop_cadunico_bolsa_familia","perc_pop_urbana_com_abastecimento_agua","perc_participacao_queimadas_brasil","total_casos_confirmados_covid","total_obitos_confirmados_covid","cobertura_ab","incidencia","letalidade"],"z":[[1,0.753377852052051,-0.0936616077992995,0.0108849027013383,0.0298677794994854,0.039763060364112,-0.0995309668094984,-0.157793356891412,0.04290910359839,-0.089423863917825,-0.402719828232588,0.119885355900778,0.0986815111832755,0.174412277612592,-0.279727735574543,0.274202770194636,0.233088278762747,0.329727037095571,0.29229354718816,-0.00565604029826888,0.0431467537907779,-0.0539009633006475,0.00856714790340081,-0.264138692495416,-0.216644486730817,0.300820516988942,-0.144934316674519,-0.074355935334382],[0.753377852052051,1,0.0486516323458239,0.0784052820075558,-0.133915872571464,-0.0893469640340268,-0.199047945230232,-0.17616866168199,0.0563351788049298,-0.0456298589651609,-0.477009701955821,0.106386271665238,0.11687002787995,0.275119234124799,-0.134287395223897,0.267718465145365,0.271458026320375,0.315988987105851,0.276575097728829,0.12087436127673,0.172434598106562,-0.0749226948437946,-0.0224064536546228,-0.260218866259914,-0.201476799019732,0.318539130114878,-0.12211381442976,-0.01339019450631],[-0.0936616077992995,0.0486516323458239,1,0.764064644168467,-0.792463466303329,-0.70371652889241,-0.532027386180125,-0.305978389804135,0.081586132132624,-0.207291131049065,-0.333718657532391,0.0859408282348846,0.199931620261946,0.558835042282383,0.118648206153493,0.355263076937401,0.293737191744707,0.367427938231595,0.331755807339657,0.520152023816766,0.581259521246349,-0.196675577997573,0.0717669387263718,0.00416303130761011,0.00517119423668104,0.0770746390750683,0.0969650645016944,0.0103034641660269],[0.0108849027013383,0.0784052820075558,0.764064644168467,1,-0.68396193114253,-0.666745166337308,-0.478622770430233,-0.276782523794778,0.0953196025392935,-0.258856432567508,-0.348903632788263,0.128355166858742,0.214305151915087,0.527479096735229,0.111307388834428,0.290275760120004,0.30903544051485,0.358125598598402,0.315651314346241,0.493877404309344,0.544364153009009,-0.211379815443248,0.103500830575528,0.000725293120048082,0.0014611397141508,0.121323290089232,0.0595898646489687,-0.0107862299113277],[0.0298677794994854,-0.133915872571464,-0.792463466303329,-0.68396193114253,1,0.78499629822896,0.576311452072806,0.363716115238096,-0.0887514681273207,0.284914976573451,0.426424120761071,-0.106325789385664,-0.2653623844916,-0.640013822658918,-0.104868175908049,-0.362380971108114,-0.345986433899433,-0.423995694412268,-0.373058178935389,-0.587558882931689,-0.653804252739611,0.227569199094755,-0.107764072292768,0.0177297496088107,0.0113975561965279,-0.0966408969207027,-0.101020369219678,-0.0229352766638041],[0.039763060364112,-0.0893469640340268,-0.70371652889241,-0.666745166337308,0.78499629822896,1,0.456116211518085,0.240104344883022,-0.0991460737239581,0.209148547798206,0.358885602614737,-0.0911583379134941,-0.194304737995057,-0.566849066643974,-0.117946823941366,-0.272398736497978,-0.231794243246432,-0.354312612226474,-0.30549915928057,-0.547056040720545,-0.587060083449266,0.205211103603972,-0.0571354395642353,0.0111334340819739,0.00638611336249556,-0.0995598398641844,0.00112052953680165,-0.0545427148981556],[-0.0995309668094984,-0.199047945230232,-0.532027386180125,-0.478622770430233,0.576311452072806,0.456116211518085,1,0.568452317546259,-0.114982671296347,0.253251987483703,0.503937600186799,-0.224542237630287,-0.359860863212375,-0.654638521582527,-0.0792591333966263,-0.435904097248936,-0.389079990293135,-0.558323721064758,-0.49296833378071,-0.531088896615551,-0.626182538218504,0.241059491560067,-0.120910295616412,0.0659859063144602,0.0469701129568203,-0.183693665039862,-0.098227909544577,0.023770598951639],[-0.157793356891412,-0.17616866168199,-0.305978389804135,-0.276782523794778,0.363716115238096,0.240104344883022,0.568452317546259,1,-0.0979045413113832,0.227249365944731,0.343198870403847,-0.13156416330865,-0.217250339126137,-0.391863417955242,-0.0340771223904859,-0.274840973016692,-0.286837325090303,-0.34977689429853,-0.327772397226924,-0.287814982826624,-0.363432949829874,0.050440475148211,-0.127228202199571,0.0622259783332,0.0509327800447828,-0.143352382325832,-0.0687675458037534,0.0453400650674092],[0.04290910359839,0.0563351788049298,0.081586132132624,0.0953196025392935,-0.0887514681273207,-0.0991460737239581,-0.114982671296347,-0.0979045413113832,1,0.01337668199137,-0.100846599433008,0.0346958520448505,0.0583173127877297,0.116471462316657,0.0161308708434461,0.056852744760496,0.0305636209393161,0.0893430217071733,0.0814738235849138,0.0840231749455322,0.10322818797681,-0.0403879465410792,0.0360312277489202,-0.010893544952162,-0.00824311431062066,0.046748975126054,0.00604735338958918,-0.00207226794805132],[-0.089423863917825,-0.0456298589651609,-0.207291131049065,-0.258856432567508,0.284914976573451,0.209148547798206,0.253251987483703,0.227249365944731,0.01337668199137,1,0.115434392462325,-0.0253715776664768,-0.144181797427039,-0.235596195347377,0.163560919138637,-0.239368795943995,-0.23401616008923,-0.265482310765106,-0.268785860591991,-0.278933448469554,-0.297606900213733,0.199647456189617,-0.165768111696355,-0.042638724533559,-0.00854470704638912,0.0402676429102277,-0.175089736341041,0.0969426092925618],[-0.402719828232588,-0.477009701955821,-0.333718657532391,-0.348903632788263,0.426424120761071,0.358885602614737,0.503937600186799,0.343198870403847,-0.100846599433008,0.115434392462325,1,-0.214699069888367,-0.262499481740889,-0.546593295946233,-0.0744175079837981,-0.48984437852386,-0.463242705600658,-0.563914643375129,-0.496583623779081,-0.418543189339017,-0.478489786919848,0.184531590933934,-0.0639412792421397,0.236525466870578,0.19790339042609,-0.381528005989519,0.108291432771338,0.00298883698922873],[0.119885355900778,0.106386271665238,0.0859408282348846,0.128355166858742,-0.106325789385664,-0.0911583379134941,-0.224542237630287,-0.13156416330865,0.0346958520448505,-0.0253715776664768,-0.214699069888367,1,0.694552091003158,0.171029709450529,0.0978845933923496,0.128916537616093,0.144520359944526,0.227734046815715,0.20383954158811,0.12204864329713,0.149545213878959,-0.112692856380007,0.0683619306652503,-0.0715575035751802,-0.0577610002048327,0.103326598119254,-0.017015011884274,-0.0762252669160157],[0.0986815111832755,0.11687002787995,0.199931620261946,0.214305151915087,-0.2653623844916,-0.194304737995057,-0.359860863212375,-0.217250339126137,0.0583173127877297,-0.144181797427039,-0.262499481740889,0.694552091003158,1,0.335695302114083,0.0355457000246936,0.211025812558789,0.20457212807089,0.328381177904542,0.273292982970517,0.236535722315454,0.292305407995801,-0.206133039241635,0.0898198455985472,-0.0457194081227684,-0.0399933777588598,0.10914786839517,0.0614562907387076,-0.0873667543893509],[0.174412277612592,0.275119234124799,0.558835042282383,0.527479096735229,-0.640013822658918,-0.566849066643974,-0.654638521582527,-0.391863417955242,0.116471462316657,-0.235596195347377,-0.546593295946233,0.171029709450529,0.335695302114083,1,0.043019314445398,0.472174988730606,0.358135771395405,0.640776822376662,0.568608420216123,0.711193279108767,0.826732829292878,-0.263280122045175,0.0290685783221161,-0.0819782698202607,-0.0614193795044129,0.240876285496767,0.0275232617198199,0.014618060158082],[-0.279727735574543,-0.134287395223897,0.118648206153493,0.111307388834428,-0.104868175908049,-0.117946823941366,-0.0792591333966263,-0.0340771223904859,0.0161308708434461,0.163560919138637,-0.0744175079837981,0.0978845933923496,0.0355457000246936,0.043019314445398,1,-0.123546376090764,-0.0526270823990061,-0.133973652829861,-0.0965410046813017,0.114147054341567,0.104615217660021,-0.0177410044965647,0.0273503336859189,0.0344736762581864,0.0245231660858085,0.00846328436203189,0.0779669915731808,0.0678687755191399],[0.274202770194636,0.267718465145365,0.355263076937401,0.290275760120004,-0.362380971108114,-0.272398736497978,-0.435904097248936,-0.274840973016692,0.056852744760496,-0.239368795943995,-0.48984437852386,0.128916537616093,0.211025812558789,0.472174988730606,-0.123546376090764,1,0.472241629262042,0.719492833515414,0.795761082517399,0.430245933089839,0.467081310290929,-0.374329938162944,0.131049262709075,-0.0909067247913005,-0.0731536492140488,0.159839717322421,-0.0515500350412762,-0.00661678541292716],[0.233088278762747,0.271458026320375,0.293737191744707,0.30903544051485,-0.345986433899433,-0.231794243246432,-0.389079990293135,-0.286837325090303,0.0305636209393161,-0.23401616008923,-0.463242705600658,0.144520359944526,0.20457212807089,0.358135771395405,-0.0526270823990061,0.472241629262042,1,0.516373718379316,0.589153181970179,0.265217397285651,0.312283612075484,-0.131112808702246,0.121046169971753,-0.0856817763565241,-0.0722222985814499,0.205721270395201,0.0140710489608891,-0.0470284623359159],[0.329727037095571,0.315988987105851,0.367427938231595,0.358125598598402,-0.423995694412268,-0.354312612226474,-0.558323721064758,-0.34977689429853,0.0893430217071733,-0.265482310765106,-0.563914643375129,0.227734046815715,0.328381177904542,0.640776822376662,-0.133973652829861,0.719492833515414,0.516373718379316,1,0.881326347248655,0.485285096717502,0.56047298689718,-0.218197231722328,0.0828049711016608,-0.111045881598856,-0.0866334484736107,0.255174512674596,-0.0964725748556029,-0.0367317165299361],[0.29229354718816,0.276575097728829,0.331755807339657,0.315651314346241,-0.373058178935389,-0.30549915928057,-0.49296833378071,-0.327772397226924,0.0814738235849138,-0.268785860591991,-0.496583623779081,0.20383954158811,0.273292982970517,0.568608420216123,-0.0965410046813017,0.795761082517399,0.589153181970179,0.881326347248655,1,0.450849561368892,0.507000351867564,-0.207821468730554,0.113173492084361,-0.0962562366353665,-0.0762131133492936,0.196241539454536,-0.0848014081064133,-0.0331727822506407],[-0.00565604029826888,0.12087436127673,0.520152023816766,0.493877404309344,-0.587558882931689,-0.547056040720545,-0.531088896615551,-0.287814982826624,0.0840231749455322,-0.278933448469554,-0.418543189339017,0.12204864329713,0.236535722315454,0.711193279108767,0.114147054341567,0.430245933089839,0.265217397285651,0.485285096717502,0.450849561368892,1,0.930705861087433,-0.275764663367328,0.0760783106496845,-0.00345329022251778,0.000547706233530359,0.0654557792124734,0.0309464825392286,0.0512798104608806],[0.0431467537907779,0.172434598106562,0.581259521246349,0.544364153009009,-0.653804252739611,-0.587060083449266,-0.626182538218504,-0.363432949829874,0.10322818797681,-0.297606900213733,-0.478489786919848,0.149545213878959,0.292305407995801,0.826732829292878,0.104615217660021,0.467081310290929,0.312283612075484,0.56047298689718,0.507000351867564,0.930705861087433,1,-0.298803757439359,0.0786946709250986,-0.0251591441988935,-0.0137376779034873,0.119764498471178,0.052798529713672,0.0344151732076259],[-0.0539009633006475,-0.0749226948437946,-0.196675577997573,-0.211379815443248,0.227569199094755,0.205211103603972,0.241059491560067,0.050440475148211,-0.0403879465410792,0.199647456189617,0.184531590933934,-0.112692856380007,-0.206133039241635,-0.263280122045175,-0.0177410044965647,-0.374329938162944,-0.131112808702246,-0.218197231722328,-0.207821468730554,-0.275764663367328,-0.298803757439359,1,-0.16870787612566,0.00326911673746241,0.00490516588751105,0.026165550813681,-0.0742998097449272,-0.00354106377397721],[0.00856714790340081,-0.0224064536546228,0.0717669387263718,0.103500830575528,-0.107764072292768,-0.0571354395642353,-0.120910295616412,-0.127228202199571,0.0360312277489202,-0.165768111696355,-0.0639412792421397,0.0683619306652503,0.0898198455985472,0.0290685783221161,0.0273503336859189,0.131049262709075,0.121046169971753,0.0828049711016608,0.113173492084361,0.0760783106496845,0.0786946709250986,-0.16870787612566,1,0.0433826538405551,0.0156694098885607,-0.0962482621663181,0.132468407960012,-0.039573752955669],[-0.264138692495416,-0.260218866259914,0.00416303130761011,0.000725293120048082,0.0177297496088107,0.0111334340819739,0.0659859063144602,0.0622259783332,-0.010893544952162,-0.042638724533559,0.236525466870578,-0.0715575035751802,-0.0457194081227684,-0.0819782698202607,0.0344736762581864,-0.0909067247913005,-0.0856817763565241,-0.111045881598856,-0.0962562366353665,-0.00345329022251778,-0.0251591441988935,0.00326911673746241,0.0433826538405551,1,0.878171554831857,-0.195858636814437,0.142038668744625,0.0234157721091613],[-0.216644486730817,-0.201476799019732,0.00517119423668104,0.0014611397141508,0.0113975561965279,0.00638611336249556,0.0469701129568203,0.0509327800447828,-0.00824311431062066,-0.00854470704638912,0.19790339042609,-0.0577610002048327,-0.0399933777588598,-0.0614193795044129,0.0245231660858085,-0.0731536492140488,-0.0722222985814499,-0.0866334484736107,-0.0762131133492936,0.000547706233530359,-0.0137376779034873,0.00490516588751105,0.0156694098885607,0.878171554831857,1,-0.164820229565827,0.0539652718589523,0.0671590986601615],[0.300820516988942,0.318539130114878,0.0770746390750683,0.121323290089232,-0.0966408969207027,-0.0995598398641844,-0.183693665039862,-0.143352382325832,0.046748975126054,0.0402676429102277,-0.381528005989519,0.103326598119254,0.10914786839517,0.240876285496767,0.00846328436203189,0.159839717322421,0.205721270395201,0.255174512674596,0.196241539454536,0.0654557792124734,0.119764498471178,0.026165550813681,-0.0962482621663181,-0.195858636814437,-0.164820229565827,1,-0.0428714706548707,-0.0530680122583893],[-0.144934316674519,-0.12211381442976,0.0969650645016944,0.0595898646489687,-0.101020369219678,0.00112052953680165,-0.098227909544577,-0.0687675458037534,0.00604735338958918,-0.175089736341041,0.108291432771338,-0.017015011884274,0.0614562907387076,0.0275232617198199,0.0779669915731808,-0.0515500350412762,0.0140710489608891,-0.0964725748556029,-0.0848014081064133,0.0309464825392286,0.052798529713672,-0.0742998097449272,0.132468407960012,0.142038668744625,0.0539652718589523,-0.0428714706548707,1,-0.213597345862497],[-0.074355935334382,-0.01339019450631,0.0103034641660269,-0.0107862299113277,-0.0229352766638041,-0.0545427148981556,0.023770598951639,0.0453400650674092,-0.00207226794805132,0.0969426092925618,0.00298883698922873,-0.0762252669160157,-0.0873667543893509,0.014618060158082,0.0678687755191399,-0.00661678541292716,-0.0470284623359159,-0.0367317165299361,-0.0331727822506407,0.0512798104608806,0.0344151732076259,-0.00354106377397721,-0.039573752955669,0.0234157721091613,0.0671590986601615,-0.0530680122583893,-0.213597345862497,1]],"alpha_stroke":1,"sizes":[10,100],"spans":[1,20],"type":"heatmap"}},"layout":{"margin":{"b":40,"l":60,"t":25,"r":10},"xaxis":{"domain":[0,1],"automargin":true,"title":[]},"yaxis":{"domain":[0,1],"automargin":true,"title":[]},"scene":{"zaxis":{"title":[]}},"hovermode":"closest","showlegend":false,"legend":{"yanchor":"top","y":0.5}},"source":"A","config":{"showSendToCloud":false},"data":[{"colorbar":{"title":"","ticklen":2,"len":0.5,"lenmode":"fraction","y":1,"yanchor":"top"},"colorscale":[["0","rgba(68,1,84,1)"],["0.0416666666666667","rgba(70,19,97,1)"],["0.0833333333333333","rgba(72,32,111,1)"],["0.125","rgba(71,45,122,1)"],["0.166666666666667","rgba(68,58,128,1)"],["0.208333333333333","rgba(64,70,135,1)"],["0.25","rgba(60,82,138,1)"],["0.291666666666667","rgba(56,93,140,1)"],["0.333333333333333","rgba(49,104,142,1)"],["0.375","rgba(46,114,142,1)"],["0.416666666666667","rgba(42,123,142,1)"],["0.458333333333333","rgba(38,133,141,1)"],["0.5","rgba(37,144,140,1)"],["0.541666666666667","rgba(33,154,138,1)"],["0.583333333333333","rgba(39,164,133,1)"],["0.625","rgba(47,174,127,1)"],["0.666666666666667","rgba(53,183,121,1)"],["0.708333333333333","rgba(79,191,110,1)"],["0.75","rgba(98,199,98,1)"],["0.791666666666667","rgba(119,207,85,1)"],["0.833333333333333","rgba(147,214,70,1)"],["0.875","rgba(172,220,52,1)"],["0.916666666666667","rgba(199,225,42,1)"],["0.958333333333333","rgba(226,228,40,1)"],["1","rgba(253,231,37,1)"]],"showscale":true,"x":["perc_matricula_epf","perc_matricula_epm","tx_distorcao_idade_serie_epf","tx_distorcao_idade_serie_epm","ideb_ai_ef","ideb_ai_em","perc_docente_epf","perc_docente_epm","tx_mortalidade_infantil","tx_mortalidade_bruta","perc_pop_cobertura_plano_saude","perc_internacao_falha_aps","perc_internacao_falha_saneamento","vl_per_capita_bolsa_familia","vl_per_capita_beneficio_prestacao_continuada","perc_pop_cadunico_sem_abastecimento_agua","perc_pop_cadunico_sem_esgotamento_sanitario","perc_pop_cadunico_sem_coleta_lixo","perc_pop_cadunico_sem_saneamento","perc_pop_pobre_cadunico","perc_pop_cadunico_bolsa_familia","perc_pop_urbana_com_abastecimento_agua","perc_participacao_queimadas_brasil","total_casos_confirmados_covid","total_obitos_confirmados_covid","cobertura_ab","incidencia","letalidade"],"y":["perc_matricula_epf","perc_matricula_epm","tx_distorcao_idade_serie_epf","tx_distorcao_idade_serie_epm","ideb_ai_ef","ideb_ai_em","perc_docente_epf","perc_docente_epm","tx_mortalidade_infantil","tx_mortalidade_bruta","perc_pop_cobertura_plano_saude","perc_internacao_falha_aps","perc_internacao_falha_saneamento","vl_per_capita_bolsa_familia","vl_per_capita_beneficio_prestacao_continuada","perc_pop_cadunico_sem_abastecimento_agua","perc_pop_cadunico_sem_esgotamento_sanitario","perc_pop_cadunico_sem_coleta_lixo","perc_pop_cadunico_sem_saneamento","perc_pop_pobre_cadunico","perc_pop_cadunico_bolsa_familia","perc_pop_urbana_com_abastecimento_agua","perc_participacao_queimadas_brasil","total_casos_confirmados_covid","total_obitos_confirmados_covid","cobertura_ab","incidencia","letalidade"],"z":[[1,0.753377852052051,-0.0936616077992995,0.0108849027013383,0.0298677794994854,0.039763060364112,-0.0995309668094984,-0.157793356891412,0.04290910359839,-0.089423863917825,-0.402719828232588,0.119885355900778,0.0986815111832755,0.174412277612592,-0.279727735574543,0.274202770194636,0.233088278762747,0.329727037095571,0.29229354718816,-0.00565604029826888,0.0431467537907779,-0.0539009633006475,0.00856714790340081,-0.264138692495416,-0.216644486730817,0.300820516988942,-0.144934316674519,-0.074355935334382],[0.753377852052051,1,0.0486516323458239,0.0784052820075558,-0.133915872571464,-0.0893469640340268,-0.199047945230232,-0.17616866168199,0.0563351788049298,-0.0456298589651609,-0.477009701955821,0.106386271665238,0.11687002787995,0.275119234124799,-0.134287395223897,0.267718465145365,0.271458026320375,0.315988987105851,0.276575097728829,0.12087436127673,0.172434598106562,-0.0749226948437946,-0.0224064536546228,-0.260218866259914,-0.201476799019732,0.318539130114878,-0.12211381442976,-0.01339019450631],[-0.0936616077992995,0.0486516323458239,1,0.764064644168467,-0.792463466303329,-0.70371652889241,-0.532027386180125,-0.305978389804135,0.081586132132624,-0.207291131049065,-0.333718657532391,0.0859408282348846,0.199931620261946,0.558835042282383,0.118648206153493,0.355263076937401,0.293737191744707,0.367427938231595,0.331755807339657,0.520152023816766,0.581259521246349,-0.196675577997573,0.0717669387263718,0.00416303130761011,0.00517119423668104,0.0770746390750683,0.0969650645016944,0.0103034641660269],[0.0108849027013383,0.0784052820075558,0.764064644168467,1,-0.68396193114253,-0.666745166337308,-0.478622770430233,-0.276782523794778,0.0953196025392935,-0.258856432567508,-0.348903632788263,0.128355166858742,0.214305151915087,0.527479096735229,0.111307388834428,0.290275760120004,0.30903544051485,0.358125598598402,0.315651314346241,0.493877404309344,0.544364153009009,-0.211379815443248,0.103500830575528,0.000725293120048082,0.0014611397141508,0.121323290089232,0.0595898646489687,-0.0107862299113277],[0.0298677794994854,-0.133915872571464,-0.792463466303329,-0.68396193114253,1,0.78499629822896,0.576311452072806,0.363716115238096,-0.0887514681273207,0.284914976573451,0.426424120761071,-0.106325789385664,-0.2653623844916,-0.640013822658918,-0.104868175908049,-0.362380971108114,-0.345986433899433,-0.423995694412268,-0.373058178935389,-0.587558882931689,-0.653804252739611,0.227569199094755,-0.107764072292768,0.0177297496088107,0.0113975561965279,-0.0966408969207027,-0.101020369219678,-0.0229352766638041],[0.039763060364112,-0.0893469640340268,-0.70371652889241,-0.666745166337308,0.78499629822896,1,0.456116211518085,0.240104344883022,-0.0991460737239581,0.209148547798206,0.358885602614737,-0.0911583379134941,-0.194304737995057,-0.566849066643974,-0.117946823941366,-0.272398736497978,-0.231794243246432,-0.354312612226474,-0.30549915928057,-0.547056040720545,-0.587060083449266,0.205211103603972,-0.0571354395642353,0.0111334340819739,0.00638611336249556,-0.0995598398641844,0.00112052953680165,-0.0545427148981556],[-0.0995309668094984,-0.199047945230232,-0.532027386180125,-0.478622770430233,0.576311452072806,0.456116211518085,1,0.568452317546259,-0.114982671296347,0.253251987483703,0.503937600186799,-0.224542237630287,-0.359860863212375,-0.654638521582527,-0.0792591333966263,-0.435904097248936,-0.389079990293135,-0.558323721064758,-0.49296833378071,-0.531088896615551,-0.626182538218504,0.241059491560067,-0.120910295616412,0.0659859063144602,0.0469701129568203,-0.183693665039862,-0.098227909544577,0.023770598951639],[-0.157793356891412,-0.17616866168199,-0.305978389804135,-0.276782523794778,0.363716115238096,0.240104344883022,0.568452317546259,1,-0.0979045413113832,0.227249365944731,0.343198870403847,-0.13156416330865,-0.217250339126137,-0.391863417955242,-0.0340771223904859,-0.274840973016692,-0.286837325090303,-0.34977689429853,-0.327772397226924,-0.287814982826624,-0.363432949829874,0.050440475148211,-0.127228202199571,0.0622259783332,0.0509327800447828,-0.143352382325832,-0.0687675458037534,0.0453400650674092],[0.04290910359839,0.0563351788049298,0.081586132132624,0.0953196025392935,-0.0887514681273207,-0.0991460737239581,-0.114982671296347,-0.0979045413113832,1,0.01337668199137,-0.100846599433008,0.0346958520448505,0.0583173127877297,0.116471462316657,0.0161308708434461,0.056852744760496,0.0305636209393161,0.0893430217071733,0.0814738235849138,0.0840231749455322,0.10322818797681,-0.0403879465410792,0.0360312277489202,-0.010893544952162,-0.00824311431062066,0.046748975126054,0.00604735338958918,-0.00207226794805132],[-0.089423863917825,-0.0456298589651609,-0.207291131049065,-0.258856432567508,0.284914976573451,0.209148547798206,0.253251987483703,0.227249365944731,0.01337668199137,1,0.115434392462325,-0.0253715776664768,-0.144181797427039,-0.235596195347377,0.163560919138637,-0.239368795943995,-0.23401616008923,-0.265482310765106,-0.268785860591991,-0.278933448469554,-0.297606900213733,0.199647456189617,-0.165768111696355,-0.042638724533559,-0.00854470704638912,0.0402676429102277,-0.175089736341041,0.0969426092925618],[-0.402719828232588,-0.477009701955821,-0.333718657532391,-0.348903632788263,0.426424120761071,0.358885602614737,0.503937600186799,0.343198870403847,-0.100846599433008,0.115434392462325,1,-0.214699069888367,-0.262499481740889,-0.546593295946233,-0.0744175079837981,-0.48984437852386,-0.463242705600658,-0.563914643375129,-0.496583623779081,-0.418543189339017,-0.478489786919848,0.184531590933934,-0.0639412792421397,0.236525466870578,0.19790339042609,-0.381528005989519,0.108291432771338,0.00298883698922873],[0.119885355900778,0.106386271665238,0.0859408282348846,0.128355166858742,-0.106325789385664,-0.0911583379134941,-0.224542237630287,-0.13156416330865,0.0346958520448505,-0.0253715776664768,-0.214699069888367,1,0.694552091003158,0.171029709450529,0.0978845933923496,0.128916537616093,0.144520359944526,0.227734046815715,0.20383954158811,0.12204864329713,0.149545213878959,-0.112692856380007,0.0683619306652503,-0.0715575035751802,-0.0577610002048327,0.103326598119254,-0.017015011884274,-0.0762252669160157],[0.0986815111832755,0.11687002787995,0.199931620261946,0.214305151915087,-0.2653623844916,-0.194304737995057,-0.359860863212375,-0.217250339126137,0.0583173127877297,-0.144181797427039,-0.262499481740889,0.694552091003158,1,0.335695302114083,0.0355457000246936,0.211025812558789,0.20457212807089,0.328381177904542,0.273292982970517,0.236535722315454,0.292305407995801,-0.206133039241635,0.0898198455985472,-0.0457194081227684,-0.0399933777588598,0.10914786839517,0.0614562907387076,-0.0873667543893509],[0.174412277612592,0.275119234124799,0.558835042282383,0.527479096735229,-0.640013822658918,-0.566849066643974,-0.654638521582527,-0.391863417955242,0.116471462316657,-0.235596195347377,-0.546593295946233,0.171029709450529,0.335695302114083,1,0.043019314445398,0.472174988730606,0.358135771395405,0.640776822376662,0.568608420216123,0.711193279108767,0.826732829292878,-0.263280122045175,0.0290685783221161,-0.0819782698202607,-0.0614193795044129,0.240876285496767,0.0275232617198199,0.014618060158082],[-0.279727735574543,-0.134287395223897,0.118648206153493,0.111307388834428,-0.104868175908049,-0.117946823941366,-0.0792591333966263,-0.0340771223904859,0.0161308708434461,0.163560919138637,-0.0744175079837981,0.0978845933923496,0.0355457000246936,0.043019314445398,1,-0.123546376090764,-0.0526270823990061,-0.133973652829861,-0.0965410046813017,0.114147054341567,0.104615217660021,-0.0177410044965647,0.0273503336859189,0.0344736762581864,0.0245231660858085,0.00846328436203189,0.0779669915731808,0.0678687755191399],[0.274202770194636,0.267718465145365,0.355263076937401,0.290275760120004,-0.362380971108114,-0.272398736497978,-0.435904097248936,-0.274840973016692,0.056852744760496,-0.239368795943995,-0.48984437852386,0.128916537616093,0.211025812558789,0.472174988730606,-0.123546376090764,1,0.472241629262042,0.719492833515414,0.795761082517399,0.430245933089839,0.467081310290929,-0.374329938162944,0.131049262709075,-0.0909067247913005,-0.0731536492140488,0.159839717322421,-0.0515500350412762,-0.00661678541292716],[0.233088278762747,0.271458026320375,0.293737191744707,0.30903544051485,-0.345986433899433,-0.231794243246432,-0.389079990293135,-0.286837325090303,0.0305636209393161,-0.23401616008923,-0.463242705600658,0.144520359944526,0.20457212807089,0.358135771395405,-0.0526270823990061,0.472241629262042,1,0.516373718379316,0.589153181970179,0.265217397285651,0.312283612075484,-0.131112808702246,0.121046169971753,-0.0856817763565241,-0.0722222985814499,0.205721270395201,0.0140710489608891,-0.0470284623359159],[0.329727037095571,0.315988987105851,0.367427938231595,0.358125598598402,-0.423995694412268,-0.354312612226474,-0.558323721064758,-0.34977689429853,0.0893430217071733,-0.265482310765106,-0.563914643375129,0.227734046815715,0.328381177904542,0.640776822376662,-0.133973652829861,0.719492833515414,0.516373718379316,1,0.881326347248655,0.485285096717502,0.56047298689718,-0.218197231722328,0.0828049711016608,-0.111045881598856,-0.0866334484736107,0.255174512674596,-0.0964725748556029,-0.0367317165299361],[0.29229354718816,0.276575097728829,0.331755807339657,0.315651314346241,-0.373058178935389,-0.30549915928057,-0.49296833378071,-0.327772397226924,0.0814738235849138,-0.268785860591991,-0.496583623779081,0.20383954158811,0.273292982970517,0.568608420216123,-0.0965410046813017,0.795761082517399,0.589153181970179,0.881326347248655,1,0.450849561368892,0.507000351867564,-0.207821468730554,0.113173492084361,-0.0962562366353665,-0.0762131133492936,0.196241539454536,-0.0848014081064133,-0.0331727822506407],[-0.00565604029826888,0.12087436127673,0.520152023816766,0.493877404309344,-0.587558882931689,-0.547056040720545,-0.531088896615551,-0.287814982826624,0.0840231749455322,-0.278933448469554,-0.418543189339017,0.12204864329713,0.236535722315454,0.711193279108767,0.114147054341567,0.430245933089839,0.265217397285651,0.485285096717502,0.450849561368892,1,0.930705861087433,-0.275764663367328,0.0760783106496845,-0.00345329022251778,0.000547706233530359,0.0654557792124734,0.0309464825392286,0.0512798104608806],[0.0431467537907779,0.172434598106562,0.581259521246349,0.544364153009009,-0.653804252739611,-0.587060083449266,-0.626182538218504,-0.363432949829874,0.10322818797681,-0.297606900213733,-0.478489786919848,0.149545213878959,0.292305407995801,0.826732829292878,0.104615217660021,0.467081310290929,0.312283612075484,0.56047298689718,0.507000351867564,0.930705861087433,1,-0.298803757439359,0.0786946709250986,-0.0251591441988935,-0.0137376779034873,0.119764498471178,0.052798529713672,0.0344151732076259],[-0.0539009633006475,-0.0749226948437946,-0.196675577997573,-0.211379815443248,0.227569199094755,0.205211103603972,0.241059491560067,0.050440475148211,-0.0403879465410792,0.199647456189617,0.184531590933934,-0.112692856380007,-0.206133039241635,-0.263280122045175,-0.0177410044965647,-0.374329938162944,-0.131112808702246,-0.218197231722328,-0.207821468730554,-0.275764663367328,-0.298803757439359,1,-0.16870787612566,0.00326911673746241,0.00490516588751105,0.026165550813681,-0.0742998097449272,-0.00354106377397721],[0.00856714790340081,-0.0224064536546228,0.0717669387263718,0.103500830575528,-0.107764072292768,-0.0571354395642353,-0.120910295616412,-0.127228202199571,0.0360312277489202,-0.165768111696355,-0.0639412792421397,0.0683619306652503,0.0898198455985472,0.0290685783221161,0.0273503336859189,0.131049262709075,0.121046169971753,0.0828049711016608,0.113173492084361,0.0760783106496845,0.0786946709250986,-0.16870787612566,1,0.0433826538405551,0.0156694098885607,-0.0962482621663181,0.132468407960012,-0.039573752955669],[-0.264138692495416,-0.260218866259914,0.00416303130761011,0.000725293120048082,0.0177297496088107,0.0111334340819739,0.0659859063144602,0.0622259783332,-0.010893544952162,-0.042638724533559,0.236525466870578,-0.0715575035751802,-0.0457194081227684,-0.0819782698202607,0.0344736762581864,-0.0909067247913005,-0.0856817763565241,-0.111045881598856,-0.0962562366353665,-0.00345329022251778,-0.0251591441988935,0.00326911673746241,0.0433826538405551,1,0.878171554831857,-0.195858636814437,0.142038668744625,0.0234157721091613],[-0.216644486730817,-0.201476799019732,0.00517119423668104,0.0014611397141508,0.0113975561965279,0.00638611336249556,0.0469701129568203,0.0509327800447828,-0.00824311431062066,-0.00854470704638912,0.19790339042609,-0.0577610002048327,-0.0399933777588598,-0.0614193795044129,0.0245231660858085,-0.0731536492140488,-0.0722222985814499,-0.0866334484736107,-0.0762131133492936,0.000547706233530359,-0.0137376779034873,0.00490516588751105,0.0156694098885607,0.878171554831857,1,-0.164820229565827,0.0539652718589523,0.0671590986601615],[0.300820516988942,0.318539130114878,0.0770746390750683,0.121323290089232,-0.0966408969207027,-0.0995598398641844,-0.183693665039862,-0.143352382325832,0.046748975126054,0.0402676429102277,-0.381528005989519,0.103326598119254,0.10914786839517,0.240876285496767,0.00846328436203189,0.159839717322421,0.205721270395201,0.255174512674596,0.196241539454536,0.0654557792124734,0.119764498471178,0.026165550813681,-0.0962482621663181,-0.195858636814437,-0.164820229565827,1,-0.0428714706548707,-0.0530680122583893],[-0.144934316674519,-0.12211381442976,0.0969650645016944,0.0595898646489687,-0.101020369219678,0.00112052953680165,-0.098227909544577,-0.0687675458037534,0.00604735338958918,-0.175089736341041,0.108291432771338,-0.017015011884274,0.0614562907387076,0.0275232617198199,0.0779669915731808,-0.0515500350412762,0.0140710489608891,-0.0964725748556029,-0.0848014081064133,0.0309464825392286,0.052798529713672,-0.0742998097449272,0.132468407960012,0.142038668744625,0.0539652718589523,-0.0428714706548707,1,-0.213597345862497],[-0.074355935334382,-0.01339019450631,0.0103034641660269,-0.0107862299113277,-0.0229352766638041,-0.0545427148981556,0.023770598951639,0.0453400650674092,-0.00207226794805132,0.0969426092925618,0.00298883698922873,-0.0762252669160157,-0.0873667543893509,0.014618060158082,0.0678687755191399,-0.00661678541292716,-0.0470284623359159,-0.0367317165299361,-0.0331727822506407,0.0512798104608806,0.0344151732076259,-0.00354106377397721,-0.039573752955669,0.0234157721091613,0.0671590986601615,-0.0530680122583893,-0.213597345862497,1]],"type":"heatmap","xaxis":"x","yaxis":"y","frame":null}],"highlight":{"on":"plotly_click","persistent":false,"dynamic":false,"selectize":false,"opacityDim":0.2,"selected":{"opacity":1},"debounce":0},"shinyEvents":["plotly_hover","plotly_click","plotly_selected","plotly_relayout","plotly_brushed","plotly_brushing","plotly_clickannotation","plotly_doubleclick","plotly_deselect","plotly_afterplot","plotly_sunburstclick"],"base_url":"https://plot.ly"},"evals":[],"jsHooks":[]}</script>
<!-- htmlwidget-sizing-policy-base64 PHNjcmlwdCB0eXBlPSJhcHBsaWNhdGlvbi9odG1sd2lkZ2V0LXNpemluZyIgZGF0YS1mb3I9Imh0bWx3aWRnZXQtYzU4MWUzNzdlNDhhMzU2MzBkNjEiPnsidmlld2VyIjp7IndpZHRoIjoiMTAwJSIsImhlaWdodCI6NDAwLCJwYWRkaW5nIjoxNSwiZmlsbCI6dHJ1ZX0sImJyb3dzZXIiOnsid2lkdGgiOiIxMDAlIiwiaGVpZ2h0Ijo0MDAsInBhZGRpbmciOjQwLCJmaWxsIjp0cnVlfX08L3NjcmlwdD4= -->
</body>
</html>
